2560,1600
2102.266,1469.401 0.1635742
2091.715,1576.783 0.1924438
2087.521,1579.92 0.2440186
2088.046,1681.157 0.2911987
2084.448,1728.365 0.3363037
2080.39,1726.124 0.3717041
2076.197,1723.824 0.4230957
2067.109,1718.877 0.4673462
2063.814,1820.405 0.5037842
2059.148,1817.244 0.5569458
2052.173,1897.095 0.5971069
2047.385,1894.381 0.6417236
2040.11,1890.275 0.6832886
2037.536,1993.493 0.7409668
2029.266,2019.194 0.7769775
2025.624,2015.373 0.8272095
2018.632,1993.698 0.8742065
2011.4,1955.422 0.9091797
2006.707,1927.355 0.9697266
1996.138,1827.03 1.016846
1987.201,1727.268 1.065918
1981.019,1575.038 1.113464
1974.686,1494.794 1.166687
1966.486,1381.834 1.197754
1962.192,1318.483 1.250122
1955.836,1316.922 1.292847
1949.768,1317.9 1.340759
1943.596,1316.807 1.385193
1936.772,1330.204 1.433777
1932,1334.834 1.478333
1924.415,1304.453 1.527527
1918.605,1279.351 1.577454
1911.314,1268.248 1.610352
1906.371,1279.294 1.669067
1898.61,1240.64 1.706238
1896.17,1166.578 1.765564
1892.478,1110.045 1.800659
1888.157,1081.773 1.8479
1885.317,1081.585 1.895996
1881.745,1010.491 1.940247
1877.844,1010.262 1.989563
1874.009,960.0833 2.038635
1870.49,953.3915 2.081726
1867.964,921.9564 2.132507
1863.156,909.184 2.17572
1857.953,970.9849 2.233582
1853.023,1057.434 2.270691
1850.537,1162.101 2.303406
1848.688,1198.743 2.369568
1845.419,1269.821 2.402405
1844.268,1269.725 2.46405
1842.682,1279.738 2.497498
1841.36,1259.966 2.542542
1840.404,1259.887 2.591492
1838.73,1245.345 2.637512
1837.341,1234.535 2.684448
1837.236,1139.465 2.737244
1836.278,1097.043 2.77948
1835.12,1117.097 2.81427
1832.113,1196.6 2.87384
1828.404,1264.755 2.907959
1826.385,1278.106 2.968323
1822.654,1263.643 3.006287
1821.023,1263.513 3.063843
1817.565,1278.939 3.098755
1815.812,1305.687 3.145996
1813.617,1305.502 3.191895
1811.438,1389.129 3.240417
1809.203,1419.547 3.287781
1806.97,1460.436 3.340698
1805.119,1482.294 3.377319
1803.648,1482.146 3.41748
1803.145,1566.172 3.469849
1801.706,1566.016 3.508972
1800.762,1604.82 3.545837
1799.66,1635.64 3.612122
1799.435,1682.062 3.652405
1798.146,1734.845 3.704895
1796.494,1810.598 3.747559
1795.998,2011.158 3.789124
1795.434,2131.972 3.841614
1795.549,2296.044 3.891357
1792.483,2295.5 3.938171
1790.857,2355.365 3.975952
1788.438,2397.327 4.037109
1784.996,2275.564 4.068054
1783.189,2275.249 4.132141
1780.74,2120.406 4.165344
1779.503,1965.414 4.200439
1777.953,1921.454 4.245911
1775.908,1921.167 4.295532
1775.53,1792.415 4.343628
1773.757,1792.188 4.388794
1773.602,1795.847 4.435791
1772.426,1809.682 4.482422
1771.446,1774.441 4.517456
1770.705,1735.276 4.579834
1769.385,1577.792 4.611328
1768.196,1577.664 4.666687
1767.309,1413.505 4.710388
1765.382,1413.328 4.753662
1764.379,1329.349 4.794617
1762.718,1305.87 4.847412
1759.113,1207.546 4.883911
1756.4,1168.627 4.941162
1754.217,1112.692 4.974609
1753.99,1092.997 5.033691
1753.445,1032.573 5.074585
1753.592,997.4095 5.134155
1754.083,967.204 5.171875
1754.274,959.8065 5.228394
1754.345,960.5564 5.254639
1754.35,960.5555 5.30603
1754.457,960.7205 5.356567
1754.619,944.6246 5.406921
1754.548,942.136 5.450195
1753.441,1020.668 5.482056
1752.076,1140.764 5.546204
1750.077,1341.06 5.600647
1749.317,1421.447 5.640869
1749.063,1499.82 5.676575
1749.219,1592.344 5.738159
1750.159,1715.109 5.783691
1750.905,1735.165 5.818909
1751.748,1782.819 5.886597
1764.184,2282.646 5.923523
1768.681,2528.078 5.975464
1770.549,2694.162 6.014526
1774.582,2827.772 6.071777
1780.762,2802.638 6.106812
1787.604,2889.71 6.166016
1803.859,3203.758 6.2052
1817.571,3391.575 6.251099
1826.581,3394.175 6.301208
1833.342,3507.47 6.343262
1847.073,3648.638 6.39801
1856.925,3592.431 6.43927
1867.62,3523.252 6.490601
1877.789,3483.033 6.538818
1888.476,3449.613 6.583557
1894.716,3336.119 6.61731
1902.53,3338.476 6.671753
1914.481,3342.112 6.711792
1921.572,3220.315 6.764954
1934.372,3171.783 6.808044
1948.573,3006.273 6.863586
1962.163,2922.637 6.906616
1975.77,2836.955 6.953918
1989.574,2766.137 7.00116
2003.166,2769.653 7.044739
2012.591,2743.913 7.102234
2032.293,2729.102 7.145691
2043.412,2782.822 7.195984
2058.713,2861.987 7.239624
2075.354,3016.151 7.291504
2092.016,3126.655 7.333191
2114.476,3435.374 7.371155
2122.476,3438.261 7.418579
2141.882,3692.139 7.473877
2156.504,3835.33 7.513489
2164.297,4038.979 7.561523
2170.576,4275.551 7.605042
2169.848,4572.162 7.66095
2169.604,4718.337 7.701416
2165.685,4871.379 7.741028
2162.992,4956.389 7.80072
2151.123,4961.834 7.837036
2145.599,4897.249 7.90033
2139.282,5013.384 7.940247
2139.3,5013.437 7.991455
2136.909,5011.592 8.035645
2131.278,4979.32 8.063354
2131.29,4979.354 8.110229
2131.305,4979.396 8.163147
2127.316,5368.985 8.201233
2127.321,5369 8.25238
2123.148,5559.389 8.28418
2123.153,5559.403 8.34436
2123.161,5559.429 8.380676
2123.165,5559.442 8.420776
2109.715,4412.983 8.45166
2109.718,4412.991 8.50238
2109.723,4413.002 8.553284
2109.728,4413.012 8.585022
2100.964,3993.869 8.642273
2100.97,3993.877 8.67926
2100.971,3993.881 8.715393
2097.917,3715.373 8.774536
2097.921,3715.378 8.812256
2101.006,3119.408 8.845154
2102.672,2913.209 8.90387
2102.675,2913.211 8.942078
2103.74,2584.737 9.008545
2103.743,2584.738 9.037842
2103.744,2584.739 9.084045
2103.861,2411.465 9.136047
2103.864,2411.466 9.171448
2103.865,2411.466 9.205139
2105.709,2390.165 9.257629
2106.349,2401.549 9.298706
2107.588,2398.99 9.363464
2111.842,2254.923 9.402527
2115.379,2154.303 9.459412
2115.382,2154.304 9.499634
2119.563,2100.301 9.53241
2120.77,2099.152 9.595581
2127.094,2230.554 9.625061
2127.096,2230.555 9.672119
2132.047,2323.556 9.730103
2142.921,2267.118 9.754456
2142.923,2267.12 9.805481
2142.928,2267.124 9.852844
2157.634,2450.319 9.891907
2157.637,2450.324 9.941711
2157.641,2450.329 9.983765
2157.644,2450.333 10.01855
2173.614,2881.284 10.0752
2173.619,2881.297 10.11322
2149.632,2686.345 10.1615
2142.638,2608.742 10.20764
2131.198,2420.534 10.26184
2120.99,2169.897 10.30103
2114.81,2045.209 10.3418
2111.171,1972.613 10.40234
2108.493,1964.162 10.43585
2107.354,2024.836 10.49896
2105.649,2166.422 10.53833
2105.121,2225.263 10.59363
2105.122,2225.268 10.63672
2103.645,2372.419 10.66449
2102.717,2447.846 10.71014
2099.469,2432.866 10.76086
2097.175,2329.464 10.80707
2097.174,2329.469 10.85718
2093.664,2219.38 10.90717
2093.663,2219.384 10.94965
2093.106,2185.271 11.00439
2092.93,2185.24 11.04425
2092.757,2195.436 11.08063
2092.002,2195.283 11.13995
2089.721,2210.848 11.17566
2090.369,2126.915 11.23584
2087.117,2126.279 11.27026
2091.473,1851.931 11.33875
2089.308,1750.84 11.36725
2087.391,1750.549 11.42456
2084.662,1724.323 11.46399
2083.819,1646.099 11.49542
2083.792,1638.416 11.54767
2079.095,1637.766 11.59595
2081.744,1757.907 11.63904
2079.275,1802.886 11.69318
2077.971,1873.356 11.73669
2074.451,1872.776 11.78363
2071.658,1884.892 11.83832
2069.275,1891.463 11.87341
2067.587,1885.38 11.93066
2065.808,1895.723 11.97394
2062.247,1974.2 12.02283
2059.989,2019.552 12.0694
2057.338,2095.83 12.10675
2055.836,2165.62 12.16547
2054.239,2170.039 12.20038
2053.006,2152.79 12.2652
2050.022,1999.592 12.29846
2048.935,1911.055 12.35986
2048.96,1911.062 12.39551
2047.912,1701.873 12.4209
2047.539,1701.82 12.47809
2040.718,1700.844 12.51782
2036.105,1700.188 12.55542
2028.996,1624.425 12.60339
2017.84,1622.946 12.66028
1999.505,1571.786 12.69904
1989.659,1559.254 12.74445
1973.324,1553.505 12.79883
1957.984,1622.423 12.83838
1950.539,1746.118 12.87836
1932.552,1792.874 12.93854
1914.255,1913.57 12.97009
1899.861,1911.38 13.01727
1877.42,1973.172 13.07397
1845.311,1968.269 13.11432
1829.852,2003.057 13.16138
1804.536,1989.942 13.20618
1786.955,1952.342 13.2533
1759.9,1883.374 13.30237
1730.829,1819.161 13.33875
1711.901,1767.768 13.4021
1646.641,1652.234 13.43738
1626.88,1602.637 13.4978
1546.402,1535.489 13.52765
1524.294,1533.773 13.57629
1447.387,1501.44 13.63403
1367.962,1494.437 13.67273
1283.142,1471.696 13.73743
1200.849,1474.863 13.77557
1136.58,1480.553 13.83911
1083.669,1528.743 13.89301
1060.946,1573.091 13.93964
1041.234,1661.978 13.99438
1023.73,1719.919 14.0459
1008.668,1719.596 14.0827
1000.397,1753.727 14.13611
990.5052,1753.362 14.1886
984.2267,1880.723 14.22467
982.1529,1924.136 14.29144
986.1797,2162.042 14.32947
988.1378,2283.371 14.39429
989.4312,2415.146 14.4325
991.5405,2522.446 14.50018
996.6094,2632.357 14.53967
999.3928,2630.399 14.58435
1006.455,2790.113 14.63507
1013.398,2788.175 14.68414
1019.445,2917.69 14.73633
1029.27,2952.461 14.78778
1034.668,2928.306 14.82501
1039.587,2928.06 14.89832
1050.254,2927.856 14.92841
1054.517,2963.525 14.96613
1059.9,2963.513 15.02844
1071.219,2963.535 15.06818
1079.687,2963.557 15.10205
1084.436,2870.057 15.16724
1096.058,2870.037 15.20898
1108.897,3041.849 15.26129
1117.537,3041.865 15.31342
1132.933,3301.131 15.36151
1143.726,3417.288 15.41089
1156.719,3585.123 15.48871
1172.572,3628.863 15.52307
1178.304,3629.185 15.55505
1184.253,3648.981 15.60254
1192.971,3649.648 15.65643
1204.02,3765.952 15.6922
1209.743,3766.506 15.75848
1221.507,3767.647 15.79846
1220.936,3424.441 15.83575
1226.649,3424.923 15.90167
1238.229,3425.945 15.93848
1237.433,3217.429 15.99493
1245.778,3218.274 16.03577
1250.329,3134.249 16.09619
1259.434,3110.945 16.13831
1262.567,3065.399 16.20093
1269.013,3024.796 16.2428
1270.28,2950.077 16.29559
1275.447,2910.406 16.34418
1277.171,2878.53 16.40472
1283.087,2862.06 16.44775
1291.638,2986.399 16.49792
1299.224,3060.182 16.54828
1305.322,3060.8 16.58862
1315.28,3297.689 16.63708
1324.126,3407.066 16.68878
1333.63,3579.206 16.73798
1340.867,3620.341 16.79388
1353.637,3805.704 16.8446
1360.685,3806.385 16.89594
1370.934,3974.808 16.94373
1380.261,4051.188 17.00177
1388.605,3586.55 17.04095
1388.711,2987.226 17.10291
1398.399,2673.303 17.14429
1402.586,2456.614 17.20416
1415.897,2398.055 17.2453
1426.076,2300.747 17.28009
1432.616,2259.403 17.33319
1441.615,2260.435 17.38446
1449.938,2261.404 17.42633
1454.641,2270.52 17.48975
1462.838,2593.803 17.53613
1469.278,2764.521 17.59705
1476.698,2941.117 17.63623
1481.262,3120.375 17.69482
1486.845,3172.281 17.73535
1492.838,2939.339 17.78479
1497.331,2864.406 17.83569
1500.906,2774.761 17.88086
