
1011.041,618.7834 0.4043579
920.3351,755.172 0.4910889
850.5914,857.0433 0.5341187
850.5914,857.0433 0.5700073
795.1219,926.616 0.6079712
795.1219,926.616 0.6451416
753.3386,986.4049 0.6980591
727.2784,1020.36 0.7299805
727.2784,1020.36 0.7567749
713.3339,1007.19 0.7957153
713.3339,1007.19 0.8209839
707.0117,984.2037 0.8734741
707.0117,984.2037 0.9224243
708.3997,947.1475 0.9906616
715.411,920.4004 1.02655
720.3365,899.3807 1.048828
720.3365,899.3807 1.088928
720.3365,899.3807 1.11615
730.9192,813.4116 1.135742
730.9192,813.4116 1.170349
730.9192,813.4116 1.220947
750.189,766.705 1.243286
755.274,759.0164 1.264587
755.274,759.0164 1.328857
755.274,759.0164 1.357117
755.274,759.0164 1.377014
784.57,720.8972 1.397034
784.57,720.8972 1.458252
784.57,720.8972 1.486755
784.57,720.8972 1.506653
854.73,678.263 1.529602
854.73,678.263 1.5672
854.73,678.263 1.621399
973.3712,668.0004 1.644409
973.3712,668.0004 1.666077
973.3712,668.0004 1.702576
973.3712,668.0004 1.746704
954.7516,668.8616 1.773438
939.8805,666.4517 1.808777
939.8805,666.4517 1.861023
939.8805,666.4517 1.886353
905.7964,672.1196 1.941223
905.7964,672.1196 1.976257
898.2959,693.371 2.003784
895.1599,697.4696 2.03479
895.1599,697.4696 2.077209
879.9498,685.7604 2.106812
879.9498,685.7604 2.145813
875.7089,675.5269 2.183228
869.0574,672.9891 2.207153
869.0574,672.9891 2.248291
865.7297,657.2676 2.270874
865.7297,657.2676 2.315674
854.3774,650.1169 2.351624
842.9554,648.6674 2.392151
842.9554,648.6674 2.423889
822.2836,649.7798 2.44519
816.8983,650.4254 2.504333
816.8983,650.4254 2.549561
824.4852,651.723 2.569458
824.4852,651.723 2.598083
824.4852,651.723 2.632019
830.4005,624.4675 2.679688
827.1733,626.8693 2.709656
827.1733,626.8693 2.760071
827.1733,626.8693 2.790894
822.0242,636.092 2.817444
822.0242,636.092 2.834167
822.0242,636.092 2.874634
822.0242,636.092 2.91687
773.3101,729.5352 2.942749
751.7498,774.6909 3.00177
696.2962,812.849 3.029053
655.0523,833.1877 3.056824
655.0523,833.1877 3.108398
606.1909,865.7583 3.140015
569.8983,878.4553 3.165466
569.8983,878.4553 3.215027
487.9373,899.8585 3.242188
487.9373,899.8585 3.297119
484.9713,903.6376 3.321716
484.9713,903.6376 3.345459
469.7463,904.0385 3.404114
352.7576,897.9307 3.430847
352.7576,897.9307 3.448181
339.6382,896.6285 3.509338
339.6382,896.6285 3.538635
224.7002,1101.081 3.567261
224.7002,1101.081 3.595581
224.7002,1101.081 3.652466
207.5039,1192.052 3.673706
198.3359,1189.129 3.727356
198.3359,1189.129 3.751831
218.1394,1151.535 3.781433
222.6251,1127.891 3.832947
222.6251,1127.891 3.859802
235.5567,1083.465 3.888123
235.5567,1083.465 3.937256
235.5567,1083.465 3.967773
237.127,1083.602 3.998352
232.5212,1082.944 4.045654
232.5212,1082.944 4.071411
232.5212,1082.944 4.101685
223.8636,1061.923 4.124268
223.8636,1061.923 4.139038
224.1733,983.7722 4.201721
222.3036,890.0449 4.224915
222.3036,890.0449 4.249695
226.9214,851.9463 4.291626
240.6262,833.6888 4.312561
240.6262,833.6888 4.372742
242.5564,822.1891 4.395935
242.5564,822.1891 4.436096
242.3494,814.9769 4.481262
242.3494,814.9769 4.505493
237.1985,796.2056 4.528381
237.1985,796.2056 4.568359
237.1985,796.2056 4.611938
247.7711,749.0343 4.642151
247.421,741.0208 4.702148
247.421,741.0208 4.73053
227.1291,667.2356 4.78656
215.8276,632.6493 4.805115
215.8276,632.6493 4.860352
200.7504,599.5155 4.881958
200.7504,599.5155 4.905334
196.2814,584.2811 4.967957
189.7794,556.1798 4.997864
186.5675,534.9579 5.034485
186.5675,534.9579 5.070801
178.2491,510.2757 5.100891
173.2786,494.1287 5.14917
173.2786,494.1287 5.181763
173.2786,494.1287 5.217224
162.2041,475.2231 5.24408
158.7676,468.4198 5.295837
158.7676,468.4198 5.321716
159.4614,431.8816 5.362183
157.1469,415.682 5.402893
153.4876,389.3332 5.43042
153.4876,389.3332 5.467407
154.5493,378.5605 5.508362
153.2513,351.3299 5.535278
153.2513,351.3299 5.56842
153.2513,351.3299 5.614319
188.642,344.5437 5.638062
200.6886,340.6458 5.698242
200.6886,340.6458 5.722107
244.404,371.6872 5.744873
244.404,371.6872 5.764587
244.404,371.6872 5.810608
244.404,371.6872 5.854248
289.6015,425.4366 5.879944
303.8843,456.6674 5.934692
309.8414,483.7444 5.955505
309.8414,483.7444 5.980469
315.3452,491.5884 6.045654
315.3452,491.5884 6.067261
319.0146,498.7917 6.092651
323.4949,501.8893 6.131226
323.4949,501.8893 6.172241
363.2866,533.7673 6.201782
385.963,552.4302 6.235718
385.963,552.4302 6.279419
423.7883,566.7008 6.305847
438.4979,572.5721 6.362793
438.4979,572.5721 6.388
479.7828,576.0673 6.408508
493.3331,583.321 6.432983
493.3331,583.321 6.500732
565.9617,659.226 6.529541
593.9696,682.4173 6.57489
593.9696,682.4173 6.603027
658.3864,703.4771 6.632629
693.9337,710.382 6.66864
693.9337,710.382 6.707764
747.583,718.5167 6.733459
747.583,718.5167 6.797974
801.5265,726.2032 6.825073
819.847,727.8809 6.845215
819.847,727.8809 6.909668
860.8495,729.2896 6.930237
881.4673,728.8427 6.973877
881.4673,728.8427 7.008606
926.8771,738.3407 7.038025
948.6746,750.143 7.067139
948.6746,750.143 7.115662
987.4926,790.8615 7.134705
1002.023,805.1815 7.2005
1022.245,834.7395 7.23114
1032.359,848.1942 7.263367
1032.359,848.1942 7.320862
1056.597,897.1594 7.334412
1069.768,933.4916 7.370728
1069.768,933.4916 7.417053
1093.633,968.4126 7.43988
1101.171,977.6951 7.497131
1132.732,990.4804 7.524109
1132.732,990.4804 7.563538
1158.656,994.6007 7.605469
1183.222,997.9587 7.633667
1183.222,997.9587 7.670593
1193.958,995.8334 7.697205
1204.822,993.6613 7.73175
1204.822,993.6613 7.778076
1210.413,989.8051 7.806335
1210.413,989.8051 7.823914
1210.413,989.8051 7.84137
1210.413,989.8051 7.906494
1237.034,981.2899 7.934631
1243.18,976.7667 7.969238
1243.18,976.7667 8.014832
1254.016,969.302 8.038635
1262.513,965.8524 8.096741
1262.513,965.8524 8.122498
1277.003,949.0356 8.14032
1279.3,927.5107 8.205444
1277.23,889.4377 8.228027
1277.23,889.4377 8.265686
1276.039,865.8711 8.295471
1273.762,820.3099 8.331787
1273.762,820.3099 8.371155
1271.808,805.7701 8.403625
1271.808,805.7701 8.432556
1267.143,780.7041 8.481934
1269.535,728.5963 8.505188
1269.535,728.5963 8.527527
1269.535,728.5963 8.568726
1269.535,728.5963 8.610168
1278.755,682.2619 8.634888
1283.479,667.6292 8.66864
1283.479,667.6292 8.716614
1283.549,650.3513 8.743652
1283.314,631.1205 8.802185
1291.033,562.8306 8.832275
1295.538,530.1945 8.850464
1295.538,530.1945 8.91571
1295.538,530.1945 8.934875
1304.487,476.6776 8.958801
1308.444,463.0073 9.009705
1308.444,463.0073 9.036682
1308.444,463.0073 9.062134
1308.444,463.0073 9.080933
1310.837,431.4168 9.104126
1310.837,431.4168 9.165833
1310.837,431.4168 9.192322
1309.811,413.8516 9.213379
1309.635,410.3217 9.266296
1309.635,410.3217 9.281616
1309.635,410.3217 9.330566
1308.803,407.4231 9.364868
1309.738,401.7009 9.387512
1309.738,401.7009 9.411743
1310.47,396.3051 9.469421
1310.648,393.5435 9.495117
1310.396,393.1626 9.534546
1310.396,393.1626 9.571777
1308.847,399.8905 9.599487
1308.847,399.8905 9.639954
1308.458,405.5979 9.667908
1308.509,415.0737 9.724304
1308.509,415.0737 9.745483
1309.954,419.7822 9.76709
1311.434,421.8606 9.831116
1312.208,424.7968 9.855103
1312.113,425.9444 9.879395
1312.113,425.9444 9.934814
1313.921,427.9676 9.960144
1313.921,427.9676 10.00134
1315.923,429.476 10.03906
1316.02,431.4688 10.06689
1316.02,431.4688 10.10162
1314.351,432.9794 10.1507
1298.525,439.311 10.17188
1298.525,439.311 10.20807
1298.525,439.311 10.25531
1284.333,444.8327 10.27386
1268.902,448.2569 10.33417
1268.902,448.2569 10.36084
1226.261,452.3092 10.40063
1209.987,453.0928 10.42853
1190.785,457.1628 10.46588
1190.785,457.1628 10.50531
1162.481,462.4884 10.55157
1146.359,467.8824 10.57031
1146.359,467.8824 10.5946
1115.779,486.2072 10.63458
1115.779,486.2072 10.65808
1115.779,486.2072 10.698
1098.922,499.7856 10.74188
1080.39,504.0388 10.76959
1068.307,506.8488 10.79944
1068.307,506.8488 10.85406
1037.168,514.9174 10.87854
1037.168,514.9174 10.90082
1037.168,514.9174 10.92108
1037.168,514.9174 10.97876
995.2324,540.8499 11.00366
987.1219,552.2502 11.07031
964.4768,568.9288 11.09161
953.5682,576.2411 11.14178
953.5682,576.2411 11.16803
946.0157,584.1325 11.19342
946.0157,584.1325 11.23297
938.203,587.7274 11.26068
923.8621,597.8966 11.30212
923.8621,597.8966 11.33972
923.8621,597.8966 11.36505
915.0231,601.1854 11.38782
910.5788,601.7488 11.42963
910.5788,601.7488 11.46747
910.4964,598.9375 11.49823
910.4964,598.9375 11.53168
911.4288,598.5164 11.57446
915.6402,602.0547 11.59943
919.2692,604.1566 11.65955
919.2692,604.1566 11.68188
921.9906,619.116 11.71863
923.5338,624.8394 11.76837
924.6212,634.3595 11.79364
925.1346,639.2783 11.84174
925.1346,639.2783 11.86694
936.101,620.3766 11.89423
936.101,620.3766 11.92743
937.4326,606.703 11.979
946.217,572.4781 12.00299
946.217,572.4781 12.02301
946.217,572.4781 12.04016
946.217,572.4781 12.10284
968.9944,544.5692 12.12671
968.9944,544.5692 12.15894
968.9944,544.5692 12.19336
976.6448,527.7515 12.23352
984.1386,503.1717 12.25745
984.1386,503.1717 12.27783
990.7576,491.4912 12.32526
990.7576,491.4912 12.34637
990.3711,486.4935 12.40833
987.0542,485.1538 12.43427
986.3637,482.686 12.46228
986.3637,482.686 12.513
988.1068,486.9153 12.54034
988.1068,486.9153 12.59735
988.1068,486.9153 12.62299
993.3652,510.8928 12.66083